                 Open       High        Low      Close  Adj Close  Volume
Date                                                                     
2022-08-09  24.580000  24.580000  22.990000  23.600000  23.600000  225000
2022-08-10  24.850000  25.650000  24.160000  25.610001  25.610001  161300
2022-08-11  26.000000  26.990000  25.340000  25.400000  25.400000  112700
2022-08-12  25.750000  27.000000  25.730000  26.980000  26.980000  171600
2022-08-15  26.740000  27.389999  26.420000  27.270000  27.270000  144600
2022-08-16  27.020000  27.230000  26.040001  26.700001  26.700001  131600
2022-08-17  26.000000  26.000000  24.730000  25.360001  25.360001  211000
2022-08-18  25.459999  26.770000  25.290001  26.490000  26.490000  191700
2022-08-19  25.780001  25.870001  24.600000  24.809999  24.809999  128000
2022-08-22  23.870001  24.030001  22.780001  22.940001  22.940001  102200
2022-08-23  22.950001  23.799999  22.950001  23.180000  23.180000   70500
2022-08-24  23.040001  23.400000  22.650000  23.260000  23.260000  114500
2022-08-25  23.290001  25.000000  23.139999  24.959999  24.959999  137300
2022-08-26  24.879999  24.990000  21.830000  21.870001  21.870001  149600
2022-08-29  21.540001  21.930000  20.940001  21.049999  21.049999  412600
2022-08-30  21.450001  21.450001  19.850000  20.389999  20.389999  141500
2022-08-31  20.500000  20.500000  19.500000  19.820000  19.820000  129700
2022-09-01  18.719999  18.820000  17.549999  18.770000  18.770000  236200
2022-09-02  19.430000  19.580000  18.170000  18.280001  18.280001  336800
2022-09-06  18.400000  18.610001  17.670000  18.040001  18.040001  508000
2022-09-07  18.150000  18.920000  17.920000  18.639999  18.639999  137800
2022-09-08  18.280001  19.320000  18.010000  19.230000  19.230000  148800
2022-09-09  19.670000  20.209999  19.660000  20.059999  20.059999  404500